NAME : tsp_solution
COMMENT : 
TYPE : TSP 
DIMENSION : 34
EDGE_WEIGHT_TYPE : EXPLICIT
EDGE_WEIGHT_FORMAT: FULL_MATRIX
EDGE_WEIGHT_SECTION
0 66 71 93 99 79 91 92 118 94 91 90 90 88 87 74 88 27 26 27 26 24 26 3 5 27 21 12 63 65 55 11 35 33 
66 0 21 45 64 56 91 91 101 73 74 74 74 69 68 65 68 71 65 56 56 56 57 69 70 81 83 76 90 89 94 72 97 95 
71 21 0 26 43 36 73 73 80 94 95 94 95 90 89 85 89 82 77 69 68 68 69 74 76 80 84 79 78 77 86 80 105 103 
93 45 26 0 22 31 67 66 64 117 118 117 119 113 112 110 112 107 102 94 93 93 95 96 98 97 104 100 85 82 96 103 128 126 
99 64 43 22 0 22 49 48 41 137 138 137 138 132 131 128 131 118 113 106 105 104 106 101 104 97 106 104 75 72 89 110 134 132 
79 56 36 31 22 0 37 37 46 128 129 128 129 123 122 117 123 100 95 88 87 87 88 81 83 75 84 82 55 52 67 90 113 111 
91 91 73 67 49 37 0 1 32 160 160 159 159 155 154 146 154 117 114 109 108 107 109 92 95 76 88 90 39 35 54 102 122 120 
92 91 73 66 48 37 1 0 31 160 160 159 160 155 154 147 154 118 115 110 109 107 110 93 95 77 88 91 40 36 55 103 123 121 
118 101 80 64 41 46 32 31 0 174 174 173 174 169 168 163 168 142 138 132 131 130 132 119 122 106 117 118 70 67 86 129 150 149 
94 73 94 117 137 128 160 160 174 0 4 5 7 6 7 20 6 74 71 67 68 70 68 96 95 120 114 105 148 148 145 91 103 101 
91 74 95 118 138 129 160 160 174 4 0 1 3 5 6 17 6 70 68 64 65 67 66 93 93 117 111 102 146 147 143 88 99 98 
90 74 94 117 137 128 159 159 173 5 1 0 2 5 6 16 6 70 67 64 64 67 65 92 92 117 111 101 146 146 143 87 98 97 
90 74 95 119 138 129 159 160 174 7 3 2 0 6 7 15 8 68 66 63 64 66 64 91 91 116 110 100 145 146 142 86 97 96 
88 69 90 113 132 123 155 155 169 6 5 5 6 0 1 15 2 68 65 61 62 64 62 90 89 114 108 99 142 142 139 85 97 96 
87 68 89 112 131 122 154 154 168 7 6 6 7 1 0 14 2 67 64 60 61 63 62 89 89 113 107 98 141 141 138 84 96 95 
74 65 85 110 128 117 146 147 163 20 17 16 15 15 14 0 16 53 51 47 48 50 49 76 76 101 94 85 131 131 127 71 82 81 
88 68 89 112 131 123 154 154 168 6 6 6 8 2 2 16 0 69 66 61 62 64 63 90 90 114 109 99 142 142 139 85 98 97 
27 71 82 107 118 100 117 118 142 74 70 70 68 68 67 53 69 0 6 14 15 15 14 28 26 53 44 35 91 93 83 19 31 29 
26 65 77 102 113 95 114 115 138 71 68 67 66 65 64 51 66 6 0 9 9 9 8 27 26 52 44 35 89 90 82 20 35 34 
27 56 69 94 106 88 109 110 132 67 64 64 63 61 60 47 61 14 9 0 1 3 2 29 28 53 47 38 87 88 81 24 44 42 
26 56 68 93 105 87 108 109 131 68 65 64 64 62 61 48 62 15 9 1 0 2 1 28 28 52 46 37 86 87 80 24 44 42 
24 56 68 93 104 87 107 107 130 70 67 67 66 64 63 50 64 15 9 3 2 0 2 26 26 50 44 35 84 85 78 22 42 40 
26 57 69 95 106 88 109 110 132 68 66 65 64 62 62 49 63 14 8 2 1 2 0 27 27 52 46 36 86 87 80 23 42 40 
3 69 74 96 101 81 92 93 119 96 93 92 91 90 89 76 90 28 27 29 28 26 27 0 2 25 19 9 63 65 55 10 33 31 
5 70 76 98 104 83 95 95 122 95 93 92 91 89 89 76 90 26 26 28 28 26 27 2 0 26 19 9 65 67 56 8 30 28 
27 81 80 97 97 75 76 77 106 120 117 117 116 114 113 101 114 53 52 53 52 50 52 25 26 0 11 18 42 45 31 34 47 45 
21 83 84 104 106 84 88 88 117 114 111 111 110 108 107 94 109 44 44 47 46 44 46 19 19 11 0 10 53 56 42 25 35 34 
12 76 79 100 104 82 90 91 118 105 102 101 100 99 98 85 99 35 35 38 37 35 36 9 9 18 10 0 58 61 48 16 32 30 
63 90 78 85 75 55 39 40 70 148 146 146 145 142 141 131 142 91 89 87 86 84 86 63 65 42 53 58 0 4 16 73 89 87 
65 89 77 82 72 52 35 36 67 148 147 146 146 142 141 131 142 93 90 88 87 85 87 65 67 45 56 61 4 0 19 75 91 90 
55 94 86 96 89 67 54 55 86 145 143 143 142 139 138 127 139 83 82 81 80 78 80 55 56 31 42 48 16 19 0 64 76 75 
11 72 80 103 110 90 102 103 129 91 88 87 86 85 84 71 85 19 20 24 24 22 23 10 8 34 25 16 73 75 64 0 25 23 
35 97 105 128 134 113 122 123 150 103 99 98 97 97 96 82 98 31 35 44 44 42 42 33 30 47 35 32 89 91 76 25 0 2 
33 95 103 126 132 111 120 121 149 101 98 97 96 96 95 81 97 29 34 42 42 40 40 31 28 45 34 30 87 90 75 23 2 0 
EOF
